为了准备今年的樱高祭，Mio酱写了首新曲子，但是排练时总是会出现各种问题。她们需要知道哪里契合度最好，哪里契合度不好，这样才能把时间利用地更有效率。
输入要求
输入数据有多组，每组第一行输入一个正整数n（1<=n<=100），接下来一行输入n个整数ai（1 <= ai <=7），表示Mio酱曲子的音谱；接着一行输入n个整数bi（1 <= bi <= 7），表示排练时曲子的音谱。输入到文件结束。
输出要求
对于每组输入，输出一行。若曲子完美契合（即两份音谱完全相同），则输出“^_^”，表示Mio酱很高兴；若曲子部分契合（即两份音谱存在相同的地方），则输出最契合的一段连续的音谱，若答案有多组，则输出以Mio酱的音谱为准最靠前的一段；如果两份音谱完全不契合，Mio酱会认为都是自己的错，会认为自己会嫁不出去，这时程序应输出“T_T”，表示Mio酱很伤心。
你可以通过样例获取更多信息。（两段音谱的契合部分不一定下标对应）
输入
输出

5
1 2 3 4 5
1 2 3 4 5
10
1 1 1 2 2 2 3 3 3 4
3 3 3 2 2 2 1 1 1 4
6
1 2 3 4 5 6
7 7 7 7 7 7
10
1 1 1 1 2 2 2 2 1 3
4 4 4 1 1 1 1 1 3 3

^_^
1 1 1
T_T
1 1 1 1

